#C data file for Herring SD 30-31
#C file created using an r4ss function
#C file write time: 2024-11-17  08:56:43
#
1957 #_styr
2023 #_endyr
1 #_nseas
12 #_months_per_seas
2 #_Nsubseasons
1 #_spawn_month
1 #_Nsexes
10 #_Nages
1 #_N_areas
4 #_Nfleets
#_fleetinfo
#_type	surveytiming	area	units	need_catch_mult	fleetname
1	-1	1	1	0	Fleet   	#_1
3	 8	1	1	0	BTS     	#_2
3	 8	1	1	0	COAST   	#_3
2	-1	1	1	0	Discards	#_4
#Bycatch_fleet_input
#_fleetindex	includeinMSY	Fmult	F_or_first_year	F_or_last_year	unused
4	1	3	2002	2023	999	#_4
#_Catch data
#_year	season	fleet	catch	catch_se
 1903	1	1	     2970	 0.1	#_1         
 1904	1	1	     3268	 0.1	#_2         
 1905	1	1	     3765	 0.1	#_3         
 1906	1	1	     3149	 0.1	#_4         
 1907	1	1	     2963	 0.1	#_5         
 1908	1	1	     2703	 0.1	#_6         
 1909	1	1	     4016	 0.1	#_7         
 1910	1	1	     2016	 0.1	#_8         
 1911	1	1	     2190	 0.1	#_9         
 1912	1	1	     2551	 0.1	#_10        
 1913	1	1	     2232	 0.1	#_11        
 1914	1	1	     2045	 0.1	#_12        
 1915	1	1	      768	 0.1	#_13        
 1916	1	1	      700	 0.1	#_14        
 1917	1	1	      706	 0.1	#_15        
 1918	1	1	      972	 0.1	#_16        
 1919	1	1	     2093	 0.1	#_17        
 1920	1	1	     4597	 0.1	#_18        
 1921	1	1	     4836	 0.1	#_19        
 1922	1	1	     4737	 0.1	#_20        
 1923	1	1	     3187	 0.1	#_21        
 1924	1	1	     3432	 0.1	#_22        
 1925	1	1	     2778	 0.1	#_23        
 1926	1	1	     3021	 0.1	#_24        
 1927	1	1	     4712	 0.1	#_25        
 1928	1	1	     5225	 0.1	#_26        
 1929	1	1	     6176	 0.1	#_27        
 1930	1	1	     3061	 0.1	#_28        
 1931	1	1	     3503	 0.1	#_29        
 1932	1	1	     5242	 0.1	#_30        
 1933	1	1	     7463	 0.1	#_31        
 1934	1	1	     8116	 0.1	#_32        
 1935	1	1	     7565	 0.1	#_33        
 1936	1	1	     7372	 0.1	#_34        
 1937	1	1	     6792	 0.1	#_35        
 1938	1	1	     5160	 0.1	#_36        
 1939	1	1	     3133	 0.1	#_37        
 1940	1	1	      646	 0.1	#_38        
 1941	1	1	      361	 0.1	#_39        
 1942	1	1	      190	 0.1	#_40        
 1943	1	1	      186	 0.1	#_41        
 1944	1	1	      197	 0.1	#_42        
 1945	1	1	     1849	 0.1	#_43        
 1946	1	1	    11851	 0.1	#_44        
 1947	1	1	     7700	 0.1	#_45        
 1948	1	1	     4720	 0.1	#_46        
 1949	1	1	     8422	 0.1	#_47        
 1950	1	1	    16515	 0.1	#_48        
 1951	1	1	    18353	 0.1	#_49        
 1952	1	1	    16382	 0.1	#_50        
 1953	1	1	    18792	 0.1	#_51        
 1954	1	1	    18506	 0.1	#_52        
 1955	1	1	    14622	 0.1	#_53        
 1956	1	1	    12437	 0.1	#_54        
 -999	1	1	    15503	 0.1	#_55        
 1957	1	1	    12067	0.05	#_56        
 1958	1	1	    14287	0.05	#_57        
 1959	1	1	    13832	0.05	#_58        
 1960	1	1	    18620	0.05	#_59        
 1961	1	1	    23566	0.05	#_60        
 1962	1	1	    26877	0.05	#_61        
 1963	1	1	    26164	0.05	#_62        
 1964	1	1	    11342	0.05	#_63        
 1965	1	1	    17043	0.05	#_64        
 1966	1	1	    33340	0.05	#_65        
 1967	1	1	    33439	0.05	#_66        
 1968	1	1	    33179	0.05	#_67        
 1969	1	1	    27559	0.05	#_68        
 1970	1	1	    19684	0.05	#_69        
 1971	1	1	    23652	0.05	#_70        
 1972	1	1	    21087	0.05	#_71        
 1973	1	1	    19308	0.05	#_72        
 1974	1	1	    17990	0.05	#_73        
 1975	1	1	    20773	0.05	#_74        
 1976	1	1	    17326	0.05	#_75        
 1977	1	1	    18003	0.05	#_76        
 1978	1	1	    20280	0.05	#_77        
 1979	1	1	    22598	0.05	#_78        
 1980	1	1	    15806	0.05	#_79        
 1981	1	1	    15403	0.05	#_80        
 1982	1	1	    21578	0.05	#_81        
 1983	1	1	    24927	0.05	#_82        
 1984	1	1	    26839	0.05	#_83        
 1985	1	1	    24248	0.05	#_84        
 1986	1	1	    18201	0.05	#_85        
 1987	1	1	    17368	0.05	#_86        
 1988	1	1	    21590	0.05	#_87        
 1989	1	1	    21804	0.05	#_88        
 1990	1	1	    35121	0.05	#_89        
 1991	1	1	    33514	0.05	#_90        
 1992	1	1	    29341	0.05	#_91        
 1993	1	1	    31491	0.05	#_92        
 1994	1	1	    33002	0.05	#_93        
 1995	1	1	    30468	0.05	#_94        
 1996	1	1	    22650	0.05	#_95        
 1997	1	1	    14902	0.05	#_96        
 1998	1	1	    20867	0.05	#_97        
 1999	1	1	    23475	0.05	#_98        
 2000	1	1	    22641	0.05	#_99        
 2001	1	1	    19944	0.05	#_100       
 2002	1	1	15943.622	0.05	#_101       
 2003	1	1	15653.861	0.05	#_102       
 2004	1	1	17932.432	0.05	#_103       
 2005	1	1	15776.826	0.05	#_104       
 2006	1	1	12215.634	0.05	#_105       
 2007	1	1	 14439.12	0.05	#_106       
 2008	1	1	14205.786	0.05	#_107       
 2009	1	1	14282.358	0.05	#_108       
 2010	1	1	12793.498	0.05	#_109       
 2011	1	1	11497.422	0.05	#_110       
 2012	1	1	12210.311	0.05	#_111       
 2013	1	1	13144.552	0.05	#_112       
 2014	1	1	13091.145	0.05	#_113       
 2015	1	1	12919.979	0.05	#_114       
 2016	1	1	14132.795	0.05	#_115       
 2017	1	1	12372.621	0.05	#_116       
 2018	1	1	11192.988	0.05	#_117       
 2019	1	1	 8647.106	0.05	#_118       
 2020	1	1	 8863.819	0.05	#_119       
 2021	1	1	 8241.577	0.05	#_120       
 2022	1	1	 5276.509	0.05	#_121       
 2023	1	1	 4014.987	0.05	#_122       
 -999	1	4	       10	0.01	#_123       
 2002	1	4	 3456.972	0.01	#_124       
 2003	1	4	 1902.114	0.01	#_125       
 2004	1	4	 3280.894	0.01	#_126       
 2005	1	4	 1884.663	0.01	#_127       
 2006	1	4	 1985.492	0.01	#_128       
 2007	1	4	 1406.356	0.01	#_129       
 2008	1	4	  896.458	0.01	#_130       
 2009	1	4	 1210.299	0.01	#_131       
 2010	1	4	 2896.309	0.01	#_132       
 2011	1	4	 1863.065	0.01	#_133       
 2012	1	4	 2853.571	0.01	#_134       
 2013	1	4	 2336.124	0.01	#_135       
 2014	1	4	 1948.572	0.01	#_136       
 2015	1	4	 1754.701	0.01	#_137       
 2016	1	4	 1236.644	0.01	#_138       
 2017	1	4	 1325.393	0.01	#_139       
 2018	1	4	 1183.845	0.01	#_140       
 2019	1	4	 1962.487	0.01	#_141       
 2020	1	4	 1471.906	0.01	#_142       
 2021	1	4	  950.324	0.01	#_143       
 2022	1	4	  541.042	0.01	#_144       
 2023	1	4	  360.602	0.01	#_145       
-9999	0	0	        0	   0	#_terminator
#_CPUE_and_surveyabundance_observations
#_Units:  0=numbers; 1=biomass; 2=F; >=30 for special types
#_Errtype:  -1=normal; 0=lognormal; >0=T
#_SD_Report: 0=no sdreport; 1=enable sdreport
#_fleet	units	errtype	SD_report
1	1	0	0	#_Fleet   
2	0	0	0	#_BTS     
3	0	0	0	#_COAST   
4	1	0	0	#_Discards
#
#_CPUE_data
#_year	month	index	obs	se_log
 1990	8	2	12619	0.081	#_1         
 1991	8	2	10663	0.078	#_2         
 1992	8	2	21615	0.069	#_3         
 1993	8	2	13244	0.063	#_4         
 1994	8	2	 9431	0.064	#_5         
 1995	8	2	10026	 0.06	#_6         
 1996	8	2	 7499	0.064	#_7         
 1997	8	2	12829	0.066	#_8         
 1998	8	2	 7921	0.064	#_9         
 1999	8	2	 9066	0.063	#_10        
 2000	8	2	 6031	0.068	#_11        
 2001	8	2	 6347	0.074	#_12        
 2002	8	2	 5778	0.081	#_13        
 2003	8	2	 5804	 0.07	#_14        
 2004	8	2	 4038	0.073	#_15        
 2005	8	2	 4331	0.084	#_16        
 2006	8	2	 5964	0.076	#_17        
 2007	8	2	 5811	0.068	#_18        
 2008	8	2	 5986	0.088	#_19        
 2009	8	2	 6245	 0.08	#_20        
 2010	8	2	 5611	 0.08	#_21        
 2011	8	2	 7596	0.089	#_22        
 2012	8	2	 7737	0.066	#_23        
 2013	8	2	 6213	0.071	#_24        
 2014	8	2	 9048	0.069	#_25        
 2015	8	2	 8927	0.067	#_26        
 2016	8	2	 6800	0.064	#_27        
 2017	8	2	 9593	0.074	#_28        
 2018	8	2	 8294	 0.08	#_29        
 2019	8	2	13986	0.075	#_30        
 2020	8	2	11380	0.072	#_31        
 2021	8	2	 6685	0.076	#_32        
 2022	8	2	 7422	 0.09	#_33        
 2023	8	2	 8006	 0.09	#_34        
 1990	9	3	 7293	0.072	#_35        
 1991	9	3	20093	0.078	#_36        
 1992	9	3	14266	0.074	#_37        
 1993	9	3	 9811	0.079	#_38        
 1994	9	3	 5825	0.074	#_39        
 1995	9	3	 4028	0.111	#_40        
 1996	9	3	 9201	0.064	#_41        
 1997	9	3	15047	 0.08	#_42        
 1998	9	3	 7842	0.069	#_43        
 1999	9	3	 9152	0.078	#_44        
 2000	9	3	 6009	0.073	#_45        
 2001	9	3	10509	0.066	#_46        
 2002	9	3	 9544	0.075	#_47        
 2003	8	3	 7308	0.079	#_48        
 2004	9	3	 3800	0.071	#_49        
 2005	9	3	 6819	0.062	#_50        
 2006	9	3	 4833	0.068	#_51        
 2007	9	3	 5709	 0.07	#_52        
 2008	9	3	 5111	0.072	#_53        
 2009	9	3	 6538	0.064	#_54        
 2010	9	3	 8684	0.063	#_55        
 2011	9	3	 5669	0.064	#_56        
 2012	9	3	 4057	0.074	#_57        
 2013	9	3	 5934	0.067	#_58        
 2014	8	3	 4899	0.064	#_59        
 2015	9	3	 4869	0.066	#_60        
 2016	9	3	 4747	0.071	#_61        
 2017	9	3	 5560	0.065	#_62        
 2018	9	3	 7831	0.067	#_63        
 2019	9	3	 7302	0.066	#_64        
 2020	8	3	 6663	0.064	#_65        
 2021	8	3	 3685	0.075	#_66        
 2022	9	3	 4971	 0.07	#_67        
 2023	9	3	 3522	 0.07	#_68        
-9999	0	0	    0	    0	#_terminator
1 #_N_discard_fleets
#_discard_units (1=same_as_catchunits(bio/num); 2=fraction; 3=numbers)
#_discard_errtype:  >0 for DF of T-dist(read CV below); 0 for normal with CV; -1 for normal with se; -2 for lognormal
#
#_discard_fleet_info
#_fleet	units	errtype
4	1	0	#_Discards
#
#_discard_data
#_year	month	fleet	obs	stderr
 2002	1	4	3456.972	0.2	#_1         
 2003	1	4	1902.114	0.2	#_2         
 2004	1	4	3280.894	0.2	#_3         
 2005	1	4	1884.663	0.2	#_4         
 2006	1	4	1985.492	0.2	#_5         
 2007	1	4	1406.356	0.2	#_6         
 2008	1	4	 896.458	0.2	#_7         
 2009	1	4	1210.299	0.2	#_8         
 2010	1	4	2896.309	0.2	#_9         
 2011	1	4	1863.065	0.2	#_10        
 2012	1	4	2853.571	0.2	#_11        
 2013	1	4	2336.124	0.2	#_12        
 2014	1	4	1948.572	0.2	#_13        
 2015	1	4	1754.701	0.2	#_14        
 2016	1	4	1236.644	0.2	#_15        
 2017	1	4	1325.393	0.2	#_16        
 2018	1	4	1183.845	0.2	#_17        
 2019	1	4	1962.487	0.2	#_18        
 2020	1	4	1471.906	0.2	#_19        
 2021	1	4	 950.324	0.2	#_20        
 2022	1	4	 541.042	0.2	#_21        
 2023	1	4	 360.602	0.2	#_22        
-9999	0	0	       0	  0	#_terminator
#
#_meanbodywt
0 #_use_meanbodywt
 #_DF_for_meanbodywt_T-distribution_like
#
#_population_length_bins
2 # length bin method: 1=use databins; 2=generate from binwidth,min,max below; 3=read vector
2 # binwidth for population size comp
2 # minimum size in the population (lower edge of first bin and size at age 0.00)
70 # maximum size in the population (lower edge of last bin)
1 #_use_lencomp
#
#_len_info
#_mintailcomp	addtocomp	combine_M_F	CompressBins	CompError	ParmSelect	minsamplesize
-1	1e-07	0	0	0	0	0.01	#_Fleet   
-1	1e-07	0	0	0	0	0.01	#_BTS     
-1	1e-07	0	0	0	0	0.01	#_COAST   
-1	1e-07	0	0	0	0	0.01	#_Discards
2 #_N_lbins
#_lbin_vector
5 70 #_lbin_vector
#
#_lencomp
#_X.9999	X0	X0.1	X0.2	X0.3	X0.4	X0.5	X0.6
-9999	0	0	0	0	0	0	0	#_terminator
11 #_N_agebins
#
#_agebin_vector
0 1 2 3 4 5 6 7 8 9 10 #_agebin_vector
#
#_ageing_error
1 #_N_ageerror_definitions
#_age0	age1	age2	age3	age4	age5	age6	age7	age8	age9	age10
 0.5	 1.5	 2.5	 3.5	 4.5	 5.5	 6.5	 7.5	 8.5	 9.5	10.5	#_1
0.16	0.12	0.12	0.24	0.45	0.51	0.49	0.53	0.56	0.59	0.71	#_2
#
#_age_info
#_mintailcomp	addtocomp	combine_M_F	CompressBins	CompError	ParmSelect	minsamplesize
-1	1e-07	0	0	1	1	0.01	#_Fleet   
-1	1e-07	0	0	1	2	0.01	#_BTS     
-1	1e-07	0	3	1	3	0.01	#_COAST   
-1	1e-07	0	3	1	4	0.01	#_Discards
1 #_Lbin_method: 1=poplenbins; 2=datalenbins; 3=lengths
 #_combine males into females at or below this bin number
#_year	month	fleet	sex	part	ageerr	Lbin_lo	Lbin_hi	Nsamp	a0	a1	a2	a3	a4	a5	a6	a7	a8	a9	a10
 1957	7	1	0	0	1	-1	-1	100	      0	      0	  1472	  10556	  13150	    3913	  3041	  6780	   1803	    529	  6541	#_1         
 1958	7	1	0	0	1	-1	-1	100	      0	      0	  1863	   8482	  14240	    9547	  3501	  3023	   4461	   2264	  6590	#_2         
 1959	7	1	0	0	1	-1	-1	100	      0	      0	  3694	  12139	  10499	    9060	  5823	  1217	   2044	   2598	  5668	#_3         
 1960	7	1	0	0	1	-1	-1	100	      0	      0	 11965	  14043	  16691	    9248	  8313	  4815	   1583	   1049	  7851	#_4         
 1961	7	1	0	0	1	-1	-1	100	      0	      0	   972	  50470	  19403	   12574	  4760	  3998	   4338	    847	  7355	#_5         
 1962	7	1	0	0	1	-1	-1	100	      0	      0	  1584	   6173	  58836	   15254	 10478	  4797	   4087	   2074	  7450	#_6         
 1963	7	1	0	0	1	-1	-1	100	      0	      0	   670	   8271	   8485	   45823	  8420	  6603	   2403	   3365	  8316	#_7         
 1964	7	1	0	0	1	-1	-1	100	      0	     53	   150	   2041	   5518	    3680	 16749	  3020	   1749	    790	  2913	#_8         
 1965	7	1	0	0	1	-1	-1	100	      0	      0	 45180	   1045	   1534	    4798	  2381	 11990	   1494	   1463	  3077	#_9         
 1966	7	1	0	0	1	-1	-1	100	      0	      0	 12145	 132170	    979	    1168	  3649	   736	   6255	    694	  2424	#_10        
 1967	7	1	0	0	1	-1	-1	100	      0	      0	  3769	  26260	  87039	    1998	   548	  1962	    777	   5160	  2978	#_11        
 1968	7	1	0	0	1	-1	-1	100	      0	   1034	 17093	  13852	  24894	   48417	   461	   244	   1639	    323	  6502	#_12        
 1969	7	1	0	0	1	-1	-1	100	      0	    404	 24404	  21884	   5433	   12638	 25646	   338	    249	   1214	  5379	#_13        
 1970	7	1	0	0	1	-1	-1	100	      0	   1299	  6141	  25996	   8236	    1784	  3231	 11961	    246	    140	  5234	#_14        
 1971	7	1	0	0	1	-1	-1	100	      0	    425	 33765	  14596	  12909	    4538	  1459	  2355	   7300	    194	  4649	#_15        
 1972	7	1	0	0	1	-1	-1	100	      0	    354	  7511	  36356	   6997	    4911	  1548	   517	   1218	   4654	  2772	#_16        
 1973	7	1	0	0	1	-1	-1	100	      0	    716	 12459	  13025	  16493	    4101	  2368	  1013	    779	   1241	  5899	#_17        
 1974	7	1	0	0	1	-1	-1	100	      0	    100	 15171	  21248	   5412	    6965	  1896	  1563	    649	    396	  4750	#_18        
 1975	7	1	0	0	1	-1	-1	100	      0	    267	 23193	  28833	  11839	    2110	  3870	   798	    916	    513	  3481	#_19        
 1976	7	1	0	0	1	-1	-1	100	      0	   1064	  3619	  28571	  14316	    4923	   987	  1950	    562	    434	  2721	#_20        
 1977	7	1	0	0	1	-1	-1	100	      0	   1780	 22747	  12299	  15593	    7580	  1812	   325	   1133	    261	  2155	#_21        
 1978	7	1	0	0	1	-1	-1	100	      0	     27	 24921	  29163	   6102	    6610	  4231	  1730	    608	    643	  1595	#_22        
 1979	7	1	0	0	1	-1	-1	100	      0	      9	  8280	  41681	  16259	    3033	  3262	  1769	    826	    244	  1546	#_23        
 1980	7	1	0	0	1	-1	-1	100	      0	    650	  1233	  12762	  18138	    7444	  1479	  2241	   1437	    374	  1227	#_24        
 1981	7	1	0	0	1	-1	-1	100	      0	    434	 29983	   3344	   7046	    8439	  3757	   973	    909	    786	   932	#_25        
 1982	7	1	0	0	1	-1	-1	100	      0	   2697	 26799	  46375	   1868	    3584	  4855	  1701	    623	    613	  1295	#_26        
 1983	7	1	0	0	1	-1	-1	100	      0	    391	 34545	  41551	  21273	     626	  1383	  1958	    982	    388	  1181	#_27        
 1984	7	1	0	0	1	-1	-1	100	      0	    192	 30839	  44081	  22631	    8821	   744	   857	   1047	    526	   897	#_28        
 1985	7	1	0	0	1	-1	-1	100	      0	    163	 16449	  42773	  20079	    9307	  3520	   207	    375	    631	   965	#_29        
 1986	7	1	0	0	1	-1	-1	100	      0	    372	  9304	  18381	  17591	    7698	  5480	  2256	    109	    281	  1671	#_30        
 1987	7	1	0	0	1	-1	-1	100	      0	     93	 28896	  21927	   8851	    6477	  3102	  1559	    898	     81	   690	#_31        
 1988	7	1	0	0	1	-1	-1	100	      0	     10	 13206	  47135	  15217	    4377	  3878	  1549	    890	    523	   317	#_32        
 1989	7	1	0	0	1	-1	-1	100	      0	    115	 45652	  17973	  22295	    4551	  1627	  1414	    637	    451	   459	#_33        
 1990	7	1	0	0	1	-1	-1	100	      0	    854	 11816	 103380	   9667	    9099	  3315	  1032	   1186	    548	   837	#_34        
 1991	7	1	0	0	1	-1	-1	100	      0	    118	 12938	  24985	  76580	    6609	  3612	  1706	    707	    718	  1072	#_35        
 1992	7	1	0	0	1	-1	-1	100	      0	    965	  6730	  43713	  15961	   37745	  2440	  2995	    730	    393	  1163	#_36        
 1993	7	1	0	0	1	-1	-1	100	      0	     53	 49870	  16575	  31047	   13709	 23758	  1472	   1170	    456	   833	#_37        
 1994	7	1	0	0	1	-1	-1	100	      0	    709	  7710	  86349	  13387	   18513	  5642	 11174	    458	    905	   897	#_38        
 1995	7	1	0	0	1	-1	-1	100	      0	   4766	 12674	  16700	  68073	    6262	  7254	  1981	   5971	    293	   665	#_39        
 1996	7	1	0	0	1	-1	-1	100	      0	    170	 18609	  16005	  16770	   26946	  3814	  4725	    932	   3267	   976	#_40        
 1997	7	1	0	0	1	-1	-1	100	      0	   1574	  5987	  23418	   7253	    5058	 12667	  1189	   2303	    330	  1672	#_41        
 1998	7	1	0	0	1	-1	-1	100	      0	    242	 56162	  15011	  14806	    3466	  1924	  4727	    787	   1022	   838	#_42        
 1999	7	1	0	0	1	-1	-1	100	      0	    284	 15601	  71730	   8103	    6049	  1200	   657	   1964	    328	   804	#_43        
 2000	7	1	0	0	1	-1	-1	100	      0	   2329	 14929	  32425	  42394	    3257	  2453	   796	    431	    922	   708	#_44        
 2001	7	1	0	0	1	-1	-1	100	      0	    857	 25045	  20925	  19260	   16211	  1383	   808	    266	    163	   701	#_45        
 2002	7	1	0	0	1	-1	-1	100	      0	   1098	 10963	  31237	  10090	    7017	  6064	   599	    470	     86	   291	#_46        
 2003	7	1	0	0	1	-1	-1	100	      0	    849	 29423	  13902	  13746	    4654	  3335	  2442	    322	     90	   450	#_47        
 2004	7	1	0	0	1	-1	-1	100	      0	    255	 14911	  45860	   8245	    7007	  2100	   872	    860	    339	   538	#_48        
 2005	7	1	0	0	1	-1	-1	100	      0	   1182	  7014	  22271	  28499	    3831	  3781	  1325	    566	    683	   336	#_49        
 2006	7	1	0	0	1	-1	-1	100	      0	   4675	  9741	  11480	  10343	   11944	  1429	  1592	    773	    380	   496	#_50        
 2007	7	1	0	0	1	-1	-1	100	      0	    298	 39680	   9713	   6275	    5578	  4819	   715	    645	    432	   446	#_51        
 2008	7	1	0	0	1	-1	-1	100	      0	   2344	  6827	  37763	   6076	    2889	  2262	  2328	    343	    363	   410	#_52        
 2009	7	1	0	0	1	-1	-1	100	      0	   1655	 11588	  11403	  25748	    3249	  1695	  1539	   1475	    256	   832	#_53        
 2010	7	1	0	0	1	-1	-1	100	      0	    424	 11809	  13979	   8158	   13588	  1884	  1092	    803	   1140	   993	#_54        
 2011	7	1	0	0	1	-1	-1	100	      0	      6	 12121	  19959	   8758	    5028	  6364	  1020	    459	    317	   893	#_55        
 2012	7	1	0	0	1	-1	-1	100	      0	      0	  6665	  27450	  10878	    4501	  1930	  3956	    589	    261	  1067	#_56        
 2013	7	1	0	0	1	-1	-1	100	      0	      0	  2480	  25770	  19556	    5896	  2316	  1630	   1748	    335	  1114	#_57        
 2014	7	1	0	0	1	-1	-1	100	      0	    452	  8025	   6713	  21576	   11343	  3118	  1830	    806	    880	   990	#_58        
 2015	7	1	0	0	1	-1	-1	100	      0	    212	 10703	  15618	   4789	   14299	  6187	  1629	    652	    513	   904	#_59        
 2016	7	1	0	0	1	-1	-1	100	      0	    120	  6256	  24006	  11386	    4704	  8894	  4523	    904	    322	  1143	#_60        
 2017	7	1	0	0	1	-1	-1	100	      0	    273	  4917	  16263	  15816	    5827	  2044	  3812	   1949	    488	   565	#_61        
 2018	7	1	0	0	1	-1	-1	100	      0	    375	 11836	   9255	  11696	    9935	  3751	   991	   1835	    773	   386	#_62        
 2019	7	1	0	0	1	-1	-1	100	      0	    457	  6366	  15708	   6220	    5030	  4659	  1544	    695	   1630	   423	#_63        
 2020	7	1	0	0	1	-1	-1	100	      0	    131	 17752	   9891	  10600	    2684	  2231	  1442	    596	    158	  1301	#_64        
 2021	7	1	0	0	1	-1	-1	100	      0	    339	  2334	  24335	   7669	    4382	  1166	   790	    717	    242	   150	#_65        
 2022	7	1	0	0	1	-1	-1	100	      0	    291	  2931	   2542	  12855	    2712	  1766	   758	    350	    262	   101	#_66        
 2023	7	1	0	0	1	-1	-1	100	      0	   1339	  3970	   3486	   1435	    4894	  1059	   695	    163	    120	   147	#_67        
 2002	7	4	0	0	1	-1	-1	100	      0	  10963	 21132	   8807	   1750	     463	     0	     0	      0	      0	     0	#_68        
 2003	7	4	0	0	1	-1	-1	100	      0	    535	 15951	   2063	    418	      47	    39	     9	      0	      0	     0	#_69        
 2004	7	4	0	0	1	-1	-1	100	      0	   4314	 19030	  11369	   2522	     758	    17	     0	      0	      0	     0	#_70        
 2005	7	4	0	0	1	-1	-1	100	      0	   3584	  8486	   6950	   1796	     540	    77	    27	      0	      0	     0	#_71        
 2006	7	4	0	0	1	-1	-1	100	      0	   5091	 10907	   5018	   1192	     362	    44	    30	     12	      0	     0	#_72        
 2007	7	4	0	0	1	-1	-1	100	      0	   4774	  8366	   4810	    998	     341	    80	     6	      1	      1	     0	#_73        
 2008	7	4	0	0	1	-1	-1	100	      0	   1939	  4516	   2703	    576	     170	    15	    10	      0	      0	     0	#_74        
 2009	7	4	0	0	1	-1	-1	100	      0	   3238	  5606	    861	   1499	     289	    48	    21	      0	      0	     0	#_75        
 2010	7	4	0	0	1	-1	-1	100	      0	   5631	 11875	   8945	   1954	    2442	   111	  1623	     21	     76	     0	#_76        
 2011	7	4	0	0	1	-1	-1	100	      0	   3581	 13750	   3658	   1550	     105	    96	     2	      0	      0	     0	#_77        
 2012	7	4	0	0	1	-1	-1	100	      0	   1198	 22305	  10458	    915	     239	    49	    15	      0	      8	     0	#_78        
 2013	7	4	0	0	1	-1	-1	100	      0	   4587	  6387	  14095	   3975	     326	    64	    14	      1	      0	     0	#_79        
 2014	7	4	0	0	1	-1	-1	100	      0	  20638	  6959	   2746	   4023	    1556	   256	   229	      7	      0	     0	#_80        
 2015	7	4	0	0	1	-1	-1	100	      0	   5013	  8777	   3890	   1976	    1545	   372	    15	     49	      8	     1	#_81        
 2016	7	4	0	0	1	-1	-1	100	      0	   4309	  5327	   5286	   1466	     297	   567	   248	      3	      0	     0	#_82        
 2017	7	4	0	0	1	-1	-1	100	      0	   5734	  4462	   3968	   2949	     494	    88	   368	    143	      0	     0	#_83        
 2018	7	4	0	0	1	-1	-1	100	      0	   2850	  8791	   1858	   1588	    1267	   116	    16	    141	     39	     0	#_84        
 2019	7	4	0	0	1	-1	-1	100	      0	  12178	  8530	   5641	   1469	     819	   820	   249	     20	     84	     1	#_85        
 2020	7	4	0	0	1	-1	-1	100	      0	   2531	 13753	   2270	   1251	     337	    74	    66	     13	      6	     0	#_86        
 2021	7	4	0	0	1	-1	-1	100	      0	   2366	  1511	   5783	    913	     395	    39	     9	     20	      3	     0	#_87        
 2022	7	4	0	0	1	-1	-1	100	      0	    871	  2758	    954	   2091	     176	    94	    27	     28	     26	     0	#_88        
 2023	7	4	0	0	1	-1	-1	100	      0	   1036	  1723	    623	    188	     586	    84	     4	      0	      0	     0	#_89        
 1990	8	2	0	0	1	-1	-1	 55	 338.37	   3516	3263.1	 4817.1	 375.55	  179.84	 79.03	  13.1	 12.471	 12.174	 12.13	#_90        
 1991	8	2	0	0	1	-1	-1	 59	1010.77	   2492	3913.5	 1137.9	1846.33	  105.14	 66.29	 23.52	 18.002	 19.397	 30.25	#_91        
 1992	8	2	0	0	1	-1	-1	 64	 272.89	  14894	1471.5	 2468.5	  781.4	 1593.23	 41.81	 64.58	   9.86	  5.778	 11.68	#_92        
 1993	8	2	0	0	1	-1	-1	 80	 192.62	   3391	7490.5	  531.9	 660.39	  310.11	558.25	 15.52	 37.717	 14.339	 41.74	#_93        
 1994	8	2	0	0	1	-1	-1	 82	 527.93	   3785	1185.1	 3205.5	  74.64	  287.16	 72.59	257.49	 13.812	  6.003	 16.18	#_94        
 1995	8	2	0	0	1	-1	-1	116	 476.06	   4014	1874.9	 1197.2	1602.81	  275.57	278.78	    67	200.289	 17.666	  22.2	#_95        
 1996	8	2	0	0	1	-1	-1	114	  72.14	   1418	2556.6	  740.9	 693.74	  875.45	458.33	351.72	 85.568	155.738	 90.69	#_96        
 1997	8	2	0	0	1	-1	-1	165	 304.01	   9229	1612.5	  776.8	 264.35	  201.04	220.97	106.36	 50.398	 30.185	 33.47	#_97        
 1998	8	2	0	0	1	-1	-1	198	 141.18	   2064	4368.4	  497.8	 321.63	  117.13	102.13	156.67	 84.672	 14.783	 52.41	#_98        
 1999	8	2	0	0	1	-1	-1	187	 446.46	   3287	1910.2	 2294.4	 348.19	  309.18	 70.76	 28.66	178.032	 66.234	126.81	#_99        
 2000	8	2	0	0	1	-1	-1	224	 143.44	   2645	1563.2	  750.8	 596.27	  143.31	 49.43	 16.77	 14.668	  65.48	 42.86	#_100       
 2001	8	2	0	0	1	-1	-1	212	 245.48	   1477	2578.3	 1060.7	 412.88	  358.93	 84.29	 44.21	 18.545	   5.39	 60.99	#_101       
 2002	8	2	0	0	1	-1	-1	224	  283.5	   2754	 957.5	  795.4	 487.26	  119.26	218.11	 49.02	 18.156	 14.109	    82	#_102       
 2003	8	2	0	0	1	-1	-1	241	 209.63	   1994	2386.7	  430.7	 372.76	  171.67	  47.9	124.73	 20.233	 22.939	  23.2	#_103       
 2004	8	2	0	0	1	-1	-1	279	 148.52	   1080	1323.8	 1028.3	    176	  178.65	    31	 36.51	  8.207	  8.444	 18.15	#_104       
 2005	8	2	0	0	1	-1	-1	241	 408.33	   1253	1085.5	  525.6	 620.45	  102.85	166.37	 80.62	 14.395	  17.43	 56.01	#_105       
 2006	8	2	0	0	1	-1	-1	258	 139.25	   3423	1182.5	  325.5	 339.88	   304.1	 62.74	 79.26	 50.992	  6.599	  49.8	#_106       
 2007	8	2	0	0	1	-1	-1	269	 273.14	   1277	3025.2	    502	 157.54	  184.33	243.71	 42.56	 54.154	 23.731	 27.41	#_107       
 2008	8	2	0	0	1	-1	-1	262	  285.6	   1953	1427.4	 1590.9	 321.13	   76.18	  93.4	151.24	 24.032	 31.029	 32.52	#_108       
 2009	8	2	0	0	1	-1	-1	299	 230.55	   2347	1471.5	  784.9	 874.47	  165.29	 51.09	104.22	 98.821	 41.113	 76.52	#_109       
 2010	8	2	0	0	1	-1	-1	261	 263.68	   2620	1333.4	  526.5	  328.8	  273.81	118.12	 31.68	 36.707	 24.748	  53.2	#_110       
 2011	8	2	0	0	1	-1	-1	217	 289.12	   2770	  2943	  750.2	 259.55	   227.1	217.37	 41.56	 24.476	 23.699	  50.4	#_111       
 2012	8	2	0	0	1	-1	-1	276	 114.06	   1175	3853.7	 1686.2	 393.92	  173.33	136.41	 87.33	 44.077	 18.553	 54.77	#_112       
 2013	8	2	0	0	1	-1	-1	249	  89.54	   1329	1090.5	 2431.5	 785.98	  203.51	 56.81	 79.17	  87.17	 12.724	 46.94	#_113       
 2014	8	2	0	0	1	-1	-1	276	1089.23	   3127	2475.6	  630.8	1040.05	  438.06	110.93	  43.3	 50.444	 24.732	 18.12	#_114       
 2015	8	2	0	0	1	-1	-1	241	 138.16	   2905	2424.5	 1555.7	 466.06	  843.83	324.03	 137.3	 32.508	 43.485	 55.98	#_115       
 2016	8	2	0	0	1	-1	-1	244	 351.48	   1245	2423.1	 1234.7	 720.66	  222.59	390.91	   127	 30.912	  4.771	 48.82	#_116       
 2017	8	2	0	0	1	-1	-1	267	 373.97	   5081	  1295	 1532.6	 580.81	  317.45	124.02	167.22	 84.524	  2.133	 34.46	#_117       
 2018	8	2	0	0	1	-1	-1	266	 516.27	   2560	3260.6	  680.2	 732.44	  193.55	166.73	 70.94	 81.661	 21.209	 10.47	#_118       
 2019	8	2	0	0	1	-1	-1	218	 517.03	   9114	1782.9	 1669.1	 311.21	  301.55	  89.5	 97.63	 37.018	 35.295	 31.01	#_119       
 2020	8	2	0	0	1	-1	-1	273	 456.35	   1809	6241.5	 1347.6	 885.69	  163.32	219.54	 84.91	  64.55	  41.12	 66.14	#_120       
 2021	8	2	0	0	1	-1	-1	266	  399.2	   1834	1092.9	 2315.1	 496.09	  328.93	 81.82	 68.63	 12.724	  8.956	 46.46	#_121       
 2022	8	2	0	0	1	-1	-1	255	 521.14	   3042	1853.4	  535.8	 970.65	  239.75	160.02	 31.02	 33.042	  8.462	 26.75	#_122       
 2023	8	2	0	0	1	-1	-1	250	 475.79	   3998	  1676	  780.2	 269.03	   495.9	134.34	119.38	 25.318	 18.939	 13.45	#_123       
 1990	9	3	0	0	1	-1	-1	271	   2431	 2564.9	1375.2	 838.68	 62.386	 20.3845	     0	     0	      0	      0	     0	#_124       
 1991	9	3	0	0	1	-1	-1	256	  15434	  918.6	  2640	 502.68	582.461	 15.0933	     0	     0	      0	      0	     0	#_125       
 1992	9	3	0	0	1	-1	-1	260	   2403	10312.1	 510.6	 622.89	166.529	250.6737	     0	     0	      0	      0	     0	#_126       
 1993	9	3	0	0	1	-1	-1	258	   2847	 2138.4	4346.3	 110.27	274.251	  94.528	     0	     0	      0	      0	     0	#_127       
 1994	9	3	0	0	1	-1	-1	195	   2964	  923.2	   742	1122.42	  6.533	 66.8421	     0	     0	      0	      0	     0	#_128       
 1995	9	3	0	0	1	-1	-1	200	   1990	 1024.8	 446.8	 236.76	 321.89	  7.8158	     0	     0	      0	      0	     0	#_129       
 1996	9	3	0	0	1	-1	-1	386	   7680	  638.6	 622.6	 107.58	 70.048	  82.307	     0	     0	      0	      0	     0	#_130       
 1997	9	3	0	0	1	-1	-1	359	   5913	 8102.8	 644.6	  257.1	 70.443	  58.948	     0	     0	      0	      0	     0	#_131       
 1998	9	3	0	0	1	-1	-1	311	   3163	 2334.6	2173.4	 103.31	 64.306	  3.6413	     0	     0	      0	      0	     0	#_132       
 1999	9	3	0	0	1	-1	-1	323	   5281	 1273.4	1692.7	 871.27	 15.558	 17.9201	     0	     0	      0	      0	     0	#_133       
 2000	9	3	0	0	1	-1	-1	361	   3303	 1736.8	 604.5	 245.99	112.013	  6.7111	     0	     0	      0	      0	     0	#_134       
 2001	9	3	0	0	1	-1	-1	365	   8078	 1008.3	1166.4	  145.9	 72.654	 37.4758	     0	     0	      0	      0	     0	#_135       
 2002	9	3	0	0	1	-1	-1	355	   4843	 3591.7	 665.7	 361.87	 62.181	 19.7553	     0	     0	      0	      0	     0	#_136       
 2003	8	3	0	0	1	-1	-1	421	   2445	 2761.9	1712.3	 226.88	148.205	 13.4107	     0	     0	      0	      0	     0	#_137       
 2004	9	3	0	0	1	-1	-1	425	   1806	  882.4	 602.4	 401.18	 59.872	 47.9752	     0	     0	      0	      0	     0	#_138       
 2005	9	3	0	0	1	-1	-1	555	   5716	  582.2	 347.3	 124.01	 48.996	  0.4395	     0	     0	      0	      0	     0	#_139       
 2006	9	3	0	0	1	-1	-1	519	   1420	 3045.6	   260	  26.24	  51.46	 29.7939	     0	     0	      0	      0	     0	#_140       
 2007	9	3	0	0	1	-1	-1	530	   3411	  767.3	1467.8	  38.11	 19.878	  4.4763	     0	     0	      0	      0	     0	#_141       
 2008	9	3	0	0	1	-1	-1	490	   3369	  746.5	 525.9	 453.88	 15.146	  0.5749	     0	     0	      0	      0	     0	#_142       
 2009	9	3	0	0	1	-1	-1	511	   4579	 1120.3	 463.8	 159.86	211.626	  3.6009	     0	     0	      0	      0	     0	#_143       
 2010	9	3	0	0	1	-1	-1	505	   5754	   2091	   640	 114.47	 42.805	 41.4804	     0	     0	      0	      0	     0	#_144       
 2011	9	3	0	0	1	-1	-1	496	   2218	 2084.5	1073.5	 230.06	 42.102	  20.756	     0	     0	      0	      0	     0	#_145       
 2012	9	3	0	0	1	-1	-1	579	   2288	  422.4	1003.7	 283.85	 45.825	 12.8747	     0	     0	      0	      0	     0	#_146       
 2013	9	3	0	0	1	-1	-1	634	   3307	 1202.9	 554.4	 612.18	226.505	 31.2735	     0	     0	      0	      0	     0	#_147       
 2014	8	3	0	0	1	-1	-1	666	   2427	 1500.2	 689.5	  70.56	158.708	 53.1176	     0	     0	      0	      0	     0	#_148       
 2015	9	3	0	0	1	-1	-1	660	   2160	 1164.9	1148.4	 287.03	 34.452	 74.4484	     0	     0	      0	      0	     0	#_149       
 2016	9	3	0	0	1	-1	-1	616	   2212	  871.2	1029.6	 482.49	140.802	 11.3327	     0	     0	      0	      0	     0	#_150       
 2017	9	3	0	0	1	-1	-1	620	   3530	    917	   539	 338.28	 202.27	 33.7976	     0	     0	      0	      0	     0	#_151       
 2018	9	3	0	0	1	-1	-1	601	   6018	  880.9	   546	 200.11	131.863	 54.0934	     0	     0	      0	      0	     0	#_152       
 2019	9	3	0	0	1	-1	-1	510	   1819	 4415.2	   720	 251.96	 62.223	  33.969	     0	     0	      0	      0	     0	#_153       
 2020	8	3	0	0	1	-1	-1	586	   2304	  599.2	3216.3	 388.39	133.872	 20.7769	     0	     0	      0	      0	     0	#_154       
 2021	8	3	0	0	1	-1	-1	550	   2079	  499.7	 248.3	 649.33	157.775	 51.3239	     0	     0	      0	      0	     0	#_155       
 2022	9	3	0	0	1	-1	-1	611	   3044	   1049	 407.5	 105.76	295.907	 68.6191	     0	     0	      0	      0	     0	#_156       
 2023	9	3	0	0	1	-1	-1	611	   1161	 1578.3	 576.7	 108.53	 25.475	 72.0682	     0	     0	      0	      0	     0	#_157       
-9999	0	0	0	0	0	 0	 0	  0	      0	      0	     0	      0	      0	       0	     0	     0	      0	      0	     0	#_terminator
#
#_MeanSize_at_Age_obs
0 #_use_MeanSize_at_Age_obs
0 #_N_environ_variables
0 #_N_sizefreq_methods
0 #_do_tags
0 #_morphcomp_data
0 #_use_selectivity_priors
#
999
